<k>     Ng      Second Largest
4.0E-5  2       1
0.05004 3       3
0.10004 6       4
0.15004 10      7
0.20004 13      8
0.25004 13      9
0.30004 13      11
0.35004 16      12
0.40004 18      13
0.45004 21      20
0.50004 28      21
0.55004 34      22
0.60004 35      34
0.65004 59      36
0.70004 62      53
0.75004 104     63
0.80004 121     96
0.85004 232     143
0.90004 529     158
0.95004 707     321
1.00004 912     524
1.05004 5715    179
1.10004 9396    159
1.15004 12534   125
1.20004 15870   117
1.25004 18989   70
1.30004 21253   51
1.35004 23382   54
1.40004 25441   45
1.45004 27496   38
1.50004 29159   38
1.55004 30628   24
1.60004 31931   28
1.65004 33428   28
1.70004 34614   23
1.75004 35760   23
1.80004 36716   23
1.85004 37694   17
1.90004 38515   17
1.95004 39222   14
2.00004 39927   14
2.05004 40589   14
2.10004 41225   15
2.15004 41735   9
2.20004 42207   9
2.25004 42699   10
2.30004 43115   10
2.35004 43508   6
2.40004 43943   6
2.45004 44300   6
2.50004 44649   7
2.55004 44965   7
2.60004 45247   6
2.65004 45489   6
2.70004 45716   6
2.75004 45938   6
2.80004 46153   6
2.85004 46358   6
2.90004 46589   5
2.95004 46792   5
3.00004 46965   5
3.05004 47138   5
3.10004 47284   5
3.15004 47450   5
3.20004 47598   5
3.25004 47719   5
3.30004 47832   5
3.35004 47953   3
3.40004 48061   3
3.45004 48147   3
3.50004 48247   3
3.55004 48334   3
3.60004 48409   3
3.65004 48479   3
3.70004 48559   3
3.75004 48637   3
3.80004 48699   3
3.85004 48767   3
3.90004 48837   3
3.95004 48895   3
4.00004 48941   3
4.05004 48995   3
4.10004 49044   2
4.15004 49090   2
4.20004 49140   2
4.25004 49199   2
4.30004 49242   2
4.35004 49282   2
4.40004 49319   2
4.45004 49359   2
4.50004 49389   2
4.55004 49425   2
4.60004 49440   2
4.65004 49468   2
4.70004 49500   2
4.75004 49522   2
4.80004 49550   2
4.85004 49569   2
4.90004 49588   2
4.95004 49610   2
5.00004 49627   2
5.05004 49645   2
5.10004 49665   2
5.15004 49688   2
5.20004 49706   2
5.25004 49720   2
5.30004 49734   2
5.35004 49750   2
5.40004 49764   2
5.45004 49777   2
5.50004 49791   2
5.55004 49799   2
5.60004 49808   2
5.65004 49815   2
5.70004 49822   2
5.75004 49831   2
5.80004 49835   2
5.85004 49845   2
5.90004 49854   2
5.95004 49861   2
6.00004 49867   2
6.05004 49875   2
6.10004 49880   2
6.15004 49885   2
6.20004 49888   2
6.25004 49890   2
6.30004 49894   2
6.35004 49900   2
6.40004 49903   2
6.45004 49911   2
6.50004 49915   2
6.55004 49917   2
6.60004 49920   2
6.65004 49923   2
6.70004 49928   2
6.75004 49932   2
6.80004 49934   2
6.85004 49938   2
6.90004 49940   2
6.95004 49942   2
7.00004 49944   2
7.05004 49947   2
7.10004 49951   2
7.15004 49960   1
7.20004 49962   1
7.25004 49962   1
7.30004 49966   1
7.35004 49968   1
7.40004 49972   1
7.45004 49974   1
7.50004 49974   1
7.55004 49975   1
7.60004 49977   1
7.65004 49977   1
7.70004 49977   1
7.75004 49977   1
7.80004 49978   1
7.85004 49979   1
7.90004 49980   1
7.95004 49980   1
8.00004 49981   1
8.05004 49983   1
8.10004 49983   1
8.15004 49983   1
8.20004 49983   1
8.25004 49985   1
8.30004 49986   1
8.35004 49986   1
8.40004 49987   1
8.45004 49988   1
8.50004 49990   1
8.55004 49990   1
8.60004 49990   1
8.65004 49990   1
8.70004 49990   1
8.75004 49991   1
8.80004 49991   1
8.85004 49991   1
8.90004 49991   1
8.95004 49992   1
9.00004 49992   1
9.05004 49992   1
9.10004 49992   1
9.15004 49992   1
9.20004 49992   1
9.25004 49993   1
9.30004 49993   1
9.35004 49993   1
9.40004 49993   1
9.45004 49993   1
9.50004 49993   1
9.55004 49994   1
9.60004 49994   1
9.65004 49994   1
9.70004 49994   1
9.75004 49994   1
9.80004 49995   1
9.85004 49995   1
9.90004 49995   1
9.95004 49996   1
10.00004        49997   1
10.05004        49997   1
10.10004        49997   1
10.15004        49997   1
10.20004        49998   1
10.25004        49998   1
10.30004        49998   1
10.35004        49998   1
10.40004        49998   1
10.45004        49998   1
10.50004        49998   1
10.55004        49998   1
10.60004        49998   1
10.65004        49998   1
10.70004        49998   1
10.75004        49998   1
10.80004        49999   1